2 0.391175 0.413925 0.139198 0.161619
2 0.353342 0.662912 0.109946 0.190912
2 0.234823 0.653823 0.125082 0.180816
2 0.156141 0.751803 0.207799 0.213129
2 0.081495 0.851306 0.157364 0.191918
2 0.104694 0.568980 0.151318 0.207075
2 0.273655 0.479578 0.212853 0.133333
2 0.386128 0.538170 0.250163 0.129293
2 0.547527 0.516456 0.127092 0.213129
2 0.555088 0.397259 0.176535 0.130299
2 0.680673 0.483068 0.102894 0.162735
2 0.829966 0.441197 0.185611 0.202014
2 0.635285 0.306850 0.234022 0.179796
2 0.947262 0.364429 0.105476 0.169701
2 0.026624 0.631551 0.053247 0.193034
